$ANSIBLE_VAULT;1.1;AES256
63666631613135326662323435343636313235623563636661396535356665393030306434326431
3862623663343638353332356233613163613733356263620a613539643864343161613036643332
62333333616164303334396636396264306235333364633636383732313364356666666138343137
3264306633386164350a646232323538373933333066626538346235356636663637353737306364
39636335613734626466363436366236383265323565646563323836346530316336316131616161
64353166613962666630616263333764366336643438303235363037306238343638386638316162
35323931613235343339626632383462363238396538363365383930326633636635313631356661
30383065663230323133386661363461323361343836303732653463613664303533666538616566
33626362333233366538656539366432666432353964636464333634373838313935656262663239
36383938306139646338616563386463346361356666323935323535323663363031633039663263
37353432653461656531336464393237393530386330646363393963306137306432656230623061
66306232646261313532646664386265336564386537646331323365343033316534376338393462
35393462306438383564633530313034313666363930303763313961356630646161363633346161
31313535643764383137356662306538626266313730323134663537333434393537383862356261
38323364396134346138366435656166373361306362366232336465366130653062396233626666
38363235633861623839363835313133383066333331383161366338336230346261376137373566
66616535323162303463633435626632333737633561326134353338316330393737663439396636
38313162666139613337643164373862333239323336646433653230386433653535323431386164
30656333333362663263373337313563643330653935353565623437656562633762353833303236
65636537373131396137626139353731333233363765653933353762613061383065363436383536
63626461636637356333393831643164616533616438666534393330623764323662633464373965
64383633613834373238643438613930373134346633393938383130623062633862303565353833
64343933626362396533333361663839643531386437373233326662626637353163383461633136
34643464616266386339623864346461633434363736643038353162343666303335316136373330
65626664363135396539353132333332326361636434306230613963623838343430613164643564
62653163326132623535363666653239383639313737386539653134383562386636366666613839
64373838313537356264383437663538666235643933646439643861363866623933393230373234
36666365636534363734336434343634313133656337303537643733643463323662343430623839
63383539373563353961346136306466373039633465393763626331636139646462303230613165
35343664626163393931633630626438636639633166643431313462383131326365376366613834
32623663326339373935326236633737393761663431313864613834383338326230323038393637
34316133353637373936313139633866383633376536653432646132396565393565616365666664
38333938616430633135633933363966656631323636633832623661383734613763
